   57.1569402438308        28.9396776250591     
   58.1358623655426        27.1763493149920     
   59.1542158202225        25.4546402118668     
   60.2128197750220        23.7764548337603     
   61.3124748776991        22.1436867370740     
   62.4539625885349        20.5582172584377     
   63.6380445241159        19.0219142649139     
   64.8654618132846        17.5366309131729     
   66.1369344655576        16.1042044183028     
   67.4531607523022        14.7264548329043     
   68.8148166009546        13.4051838371121     
   70.2225550025564        12.1421735401699     
   71.6770054328779        10.9391852941795     
   73.1787732873905        9.79795852062948     
   74.7284393303418        8.72020955029937     
   76.3265591581798        7.70763047712293     
   77.9736626775658        6.76188802658347     
   79.6702535982057        5.88462243920150     
   81.4168089407256        5.07744636966384     
   83.2137785598051        4.34194380213107     
   85.0615846827774        3.67966898224859     
   86.9606214638966        3.09214536637419     
   88.9112545544629        2.58086458852314     
   90.9138206889914        2.14728544551943     
   92.9686272876004        1.79283290082985     
   95.0759520747862        1.51889710754470     
   97.2360427147467        1.32683245095719     
   99.4491164634034        1.21795661118062     
   101.715359837269        1.19354964623017     
   104.034928299290        1.25485309598354     
   106.407945961807        1.40306910742191     
   108.834505306726        1.63935958154043     
   111.314666923043        1.96484534230413     
   113.848459261803        2.38060532801317     
   116.435878408596        2.88767580542785     
   119.076887873676        3.48704960699155     
   121.771418399785        4.17967539147680     
   124.519367787751        4.96645692836655     
   127.320600739912        5.84825240627046     
   130.174948721441        6.82587376566249     
   133.082209839597        7.90008605621378     
   136.042148740956        9.07160681898149     
   139.054496526639        10.3411054937017     
   142.118950685568        11.7092028514212     
   145.235175045757        13.1764704526909     
   148.402799743650        14.7434301315297     
   151.621421211498        16.4105535053551     
   154.890602182761        18.1782615110653     
   158.209871715530        20.0469239674424     
   161.578725233929        22.0168591640351     
   164.996624587465        24.0883334766665     
   168.462998128293        26.2615610096995     
   171.977240806331        28.5367032651791     
   175.538714282180        30.9138688389586     
   179.146747057778        33.3931131439063     
   182.800634624711        35.9744381602708     
   186.499639630106        38.6577922132788     
   190.242992060019        41.4430697780183     
   194.029889440213        44.3301113116548     
   197.859497054228        47.3187031130108     
   201.730948178636        50.4085772095290     
   205.643344335357        53.5994112716272     
   209.595755560906        56.8908285544397     
   213.587220692456        60.2823978669290     
   217.616747670558        63.7736335683392     
   221.683313858380        67.3639955919496     
   225.785866377312        71.0528894960776     
   229.923322458774        74.8396665422650     
   234.094569812061        78.7236238005734     
   238.298467008051        82.7040042818993     
   242.533843878592        86.7799970972116     
   246.799501931385        90.9507376436006     
   251.094214780172        95.2153078170157     
   255.416728590016        99.5727362515607     
   259.765762537485        104.021998585201     
   264.140009285513        108.562017751729     
   268.538135472726        113.191664298823     
   272.958782217005        117.909756732014     
   277.400565633068        122.715061884394     
   281.862077363813        127.606295311839     
   286.341885125199        132.582121713569     
   290.838533264415        137.641155377797     
   295.350543331074        142.781960652269     
   299.876414661189        148.003052439426     
   304.414624973654        153.302896715964     
   308.963630978973        158.679911076521     
   313.521868999959        164.132465301229     
   318.087755604124        169.658881946848     
   322.659688247480        175.257436961198     
   327.236045929468        180.926360320603     
   331.815189858707        186.663836690025     
   336.395464129290        192.468006105589     
   340.975196407314        198.336964679168     
   345.552698627332        204.268765324702     
   350.126267698442        210.261418505915     
   354.694186219675        216.312893005072     
   359.254723204385        222.421116712432     
   363.806134813314        228.583977436028     
   368.346665096009        234.799323731404     
   372.874546740267        241.064965750931     
   377.388001829280        247.378676112318     
   381.885242606142        253.738190785919     
   386.364472245391        260.141210000443     
   390.823885631237        266.585399166661     
   395.261670142156        273.068389818681     
   399.676006441473        279.587780572395     
   404.065069273631        286.141138100650     
   408.427028265757        292.725998124727     
   412.760048734211        299.339866421674     
   417.062292495735        305.980219847060     
   421.331918682878        312.644507372699     
   425.567084563317        319.330151138885     
   429.765946362736        326.034547520676     
   433.926660090889        332.755068207764     
   438.047382370509        339.489061297471     
   442.126271268676        346.233852400370     
   446.161487130309        352.986745758082     
   450.151193413399        359.745025372740     
   454.093557525639        366.505956147652     
   457.986751662071        373.266785038655     
   461.828953643399        380.024742215679     
   465.618347754595        386.777042234009     
   469.353125583448        393.520885214753     
   473.031486858673        400.253458034008     
   476.651640287236        406.971935520214     
   480.211804390517        413.673481659187     
   483.710208338954        420.355250806318     
   487.145092784815        427.014388905419     
   490.514710692719        433.648034713711     
   493.817328167559        440.253321032411     
   497.051225279463        446.827375942425     
   500.214696885437        453.367324044606     
   503.306053447334        459.870287704051     
   506.323621845786        466.333388297932     
   509.265746189758        472.753747466310     
   512.130788621360        479.128488365430     
   514.917130115578        485.454736922945     
   517.623171274565        491.729623094567     
   520.247333116157        497.950282121593     
   522.788057856261        504.113855788806     
   525.243809684780        510.217493682197     
   527.613075534732        516.258354445999     
   529.894365844234        522.233607038500     
   532.086215311008        528.140431986120     
   534.187183639088        533.976022635210     
   536.195856277393        539.737586401071     
   538.110845149849        545.422346013653     
   539.930789376735        551.027540759439     
   541.654355986936        556.550427718963     
   543.280240620789        561.988282999486     
   544.807168223216        567.338402962278     
   546.233893726832        572.598105444027     
   547.559202724727        577.764730971851     
   548.781912132629        582.835643971407     
   549.900870840143        587.808233967602     
   550.914960350789        592.679916777404     
   551.823095410539        597.448135694255     
   552.624224624588        602.110362663596     
   553.317331062063        606.664099449021     
   553.901432848420        611.106878788557     
   554.375583745237        615.436265540617     
   554.738873717165        619.649857819127     
   554.990429485761        623.745288117361     
   555.129415069963        627.720224420029     
   555.155032312946        631.572371303134     
   555.066521395137        635.299471021158     
   554.863161333129        638.899304581121     
   554.544270464282        642.369692803058     
   554.109206916775        645.708497366475     
   553.557369064893        648.913621842363     
   552.888195969329        651.983012710307     
   552.101167802305        654.914660360302     
   551.195806257288        657.706600078834     
   550.171674943128        660.356913018810     
   549.028379762414        662.863727152959     
   547.765569273856        665.225218210266     
   546.382935038535        667.439610595081     
   544.880211949831        669.505178288488     
   543.257178546869        671.420245731577     
   541.513657311323        673.183188690233     
   539.649514947423        674.792435101077     
   537.664662645023        676.246465898209     
   535.559056325586        677.543815820396     
   533.332696870941        678.683074198363     
   530.985630334715        679.662885721850     
   528.517948136279        680.481951186111     
   525.929787237131        681.139028217535     
   523.221330299586        681.632931978067     
   520.392805827678        681.962535848143     
   517.444488290184        682.126772087827     
   514.376698225686        682.124632475871     
   511.189802329577        681.955168926418     
   507.884213522953        681.617494083076     
   504.460391003322        681.110781890102     
   500.918840277064        680.434268140444     
   497.260113173602        679.587251000392     
   493.484807841222        678.569091510614     
   489.593568724525        677.379214063332     
   485.587086523466        676.017106855439     
   481.466098133960        674.482322317338     
   477.231386570038        672.774477517307     
   472.883780867551        670.893254541196     
   468.424155969403        668.838400847289     
   463.853432592342        666.609729596134     
   459.172577075294        664.207119955208     
   454.382601209281        661.630517378246     
   449.484562048940        658.879933859096     
   444.479561705677        655.955448159968     
   439.368747122493        652.857206013953     
   434.153309830537        649.585420301699     
   428.834485687440        646.140371202135     
   423.413554597482        642.522406317156     
   417.891840213672        638.731940770174     
   412.270709621810        634.769457278479     
   406.551573006619        630.635506199317     
   400.735883300032        626.330705549659     
   394.825135811729        621.855740999592     
   388.820867842036        617.211365839314     
   382.724658277293        612.398400919698     
   376.538127167796        607.417734566407     
   370.262935288461        602.270322467572     
   363.900783682318        596.957187535007     
   357.453413186986        591.479419739010     
   350.922603944268        585.838175916748     
   344.310174893020        580.034679554265     
   337.617983245444        574.070220542175     
   330.847923946980        567.946154905066     
   324.001929119958        561.663904504700     
   317.081967491193        555.224956717075     
   310.090043803695        548.630864083429     
   303.028198212705        541.883243935288     
   295.898505666224        534.983777993652     
   288.703075270264        527.934211942434     
   281.444049639006        520.736354976283     
   274.123604230097        513.392079322906     
   266.743946665289        505.903319740049     
   259.307316036663        498.272072987275     
   251.815982198651        490.500397272699     
   244.272245046111        482.590411674870     
   236.678433778678        474.544295539945     
   229.036906151656        466.364287854380     
   221.350047713701        458.052686593305     
   213.620271031538        449.611848044817     
   205.850014902003        441.044186110385     
   198.041743551653        432.352171581601     
   190.197945824238        423.538331393522     
   182.321134356303        414.605247854824     
   174.413844741204        405.555557855037     
   166.478634681836        396.391952049120     
   158.518083132358        387.117174019632     
   150.534789429212        377.734019416792     
   142.531372411751        368.245335076714     
   134.510469532763        358.654018118091     
   126.474735959223        348.963015017657     
   118.426843663573        339.175320664723     
   110.369480505857        329.293977395110     
   102.305349307031        319.322074004797     
   94.2371669137774        309.262744743638     
   86.1676632551530        299.119168289469     
   78.0995803914037        288.894566702965     
   70.0356715552876        278.592204363608     
   61.9787001862434        268.215386887117     
   53.9314389577507        257.767460024729     
   45.8966687982293        247.251808544690     
   37.8771779058268        236.671855096363     
   29.8757607574496        226.031059057323     
   21.8952171123907        215.332915363859     
   13.9383510109156        204.580953325274     
   6.00796976816479        193.778735422397     
  -1.89311703626225        182.929856090733     
  -9.76209857267671        172.037940488666     
  -17.5961637792560        161.106643251152     
  -25.3925023832158        150.139647229330     
  -33.1483059248269        139.140662216500     
  -40.8607687839045        128.113423660915     
  -48.5270892083941        117.061691365832     
  -56.1444703446799        105.989248177285     
  -63.7101212692363        94.8998986600405     
  -71.2212580212456        83.7974677622099     
  -78.6751046358021        72.6857994689763     
  -86.0688941773214        61.5687554459265     
  -93.3998697727753        50.4502136724606     
  -100.665285644370        39.3340670657687     
  -107.862408141283        28.2242220958606     
  -114.988516770083        17.1245973921443     
  -122.040905223443        6.03912234204770     
  -129.016882406763       -5.02826431781444     
  -135.913773462334       -16.0736159174266     
  -142.728920790635       -27.0929792756033     
  -149.459685068411       -38.0823961281567     
  -156.103446263124       -49.0379045614867     
  -162.657604643417       -59.9555404510798     
  -169.119581785192       -70.8313389043994     
  -175.486821572941       -81.6613357076462     
  -181.756791195935       -92.4415687758684     
  -187.926982138909       -103.168079605898     
  -193.994911166856       -113.836914731585     
  -199.958121303561       -124.444127180809     
  -205.814182803499       -134.985777933728     
  -211.560694116735       -145.457937381753     
  -217.195282846443       -155.856686786695     
  -222.715606698687       -166.178119739576     
  -228.119354424096       -176.418343618557     
  -233.404246751074       -186.573481045452     
  -238.568037310174       -196.639671340306     
  -243.608513549290       -206.613071973489     
  -248.523497639310       -216.489860014790     
  -253.310847369869       -226.266233578962     
  -257.968457034860       -235.938413267202     
  -262.494258307362       -245.502643604024     
  -266.886221103625       -254.955194468998     
  -271.142354435787       -264.292362522831     
  -275.260707252986       -273.510472627259     
  -279.239369270520       -282.605879258214     
  -283.076471786746       -291.574967911763     
  -286.770188487372       -300.414156502274     
  -290.318736236842       -309.119896752304     
  -293.720375856472       -317.688675573684     
  -296.973412889050       -326.117016439281     
  -300.076198349569       -334.401480744933     
  -303.027129461800       -342.538669161035     
  -305.824650380400       -350.525222973285     
  -308.467252898268       -358.357825412058     
  -310.953477138841       -366.033202969938     
  -313.281912233068       -373.548126706883     
  -315.451196980752       -380.899413542549     
  -317.460020496014       -388.083927535265     
  -319.307122836588       -395.098581147190     
  -320.991295616684       -401.940336495150     
  -322.511382603168       -408.606206586696     
  -323.866280294798       -415.093256540897     
  -325.054938484262       -421.398604793403     
  -326.076360802789       -427.519424285310     
  -326.929605247077       -433.452943635382     
  -327.613784688319       -439.196448295155     
  -328.128067363103       -444.747281686489     
  -328.471677345952       -450.102846321124     
  -328.643895003302       -455.260604901798     
  -328.644057428711       -460.218081404497     
  -328.471558859090       -464.972862141413     
  -328.125851071762       -469.522596804193     
  -327.606443762175       -473.864999487054     
  -326.912904902061       -477.997849689380     
  -326.044861077893       -481.918993297373     
  -325.001997809449       -485.626343544392     
  -323.784059848338       -489.117881949572     
  -322.390851456321       -492.391659234359     
  -320.822236663286       -495.445796216578     
  -319.078139504730       -498.278484681679     
  -317.158544238618       -500.887988230792     
  -315.063495541493       -503.272643105258     
  -312.793098683709       -505.430858987275     
  -310.347519683683       -507.361119776340     
  -307.726985441055       -509.061984341150     
  -304.931783848658       -510.532087246656     
  -301.962263883210       -511.770139455948     
  -298.818835674638       -512.774929006676     
  -295.501970553966       -513.545321661711     
  -292.012201079687       -514.080261533772     
  -288.350121042572       -514.378771683723     
  -284.516385448842       -514.439954692291     
  -280.511710481684       -514.262993204943     
  -276.336873441039       -513.847150449665     
  -271.992712661658       -513.191770727417     
  -267.480127409393       -512.296279875011     
  -262.800077755701       -511.160185700224     
  -257.953584430356       -509.783078388897     
  -252.941728652379       -508.164630883845     
  -247.765651939174       -506.304599235372     
  -242.426555893901       -504.202822923211     
  -236.925701971095       -501.859225149711     
  -231.264411220576       -499.273813104118     
  -225.444064009673       -496.446678197783     
  -219.466099723814       -493.377996270158     
  -213.332016445542       -490.068027765448     
  -207.043370612000       -486.517117879795     
  -200.601776650978       -482.725696678873     
  -194.008906595570       -478.694279185799     
  -187.266489677553       -474.423465439257     
  -180.376311899557       -469.913940521763     
  -173.340215586141       -465.166474557989     
  -166.160098913874       -460.181922683080     
  -158.837915420530       -454.961224980928     
  -151.375673493539       -449.505406392338     
  -143.775435837802       -443.815576593075     
  -136.039318923014       -437.892929841759     
  -128.169492410647       -431.738744797598     
  -120.168178560740       -425.354384307967     
  -112.037651618645       -418.741295165832     
  -103.780237181919       -411.901007837047     
  -95.3983115475096       -404.835136157555     
  -86.8943010394394       -397.545377000533     
  -78.2706813171585       -390.033509913534     
  -69.5299766647737       -382.301396725687     
  -60.6747592613509       -374.350981125038     
  -51.7076484325025       -366.184288206100     
  -42.6313098834767       -357.803423987719     
  -33.4484549139716       -349.210574901363     
  -24.1618396149059       -340.408007249936     
  -14.7742640473825       -331.398066637258     
  -5.28857140409015       -322.183177368336     
   4.29235284660691       -312.765841820583     
   13.9655818336333       -303.148639786135     
   23.7281481729572       -293.334227785434     
   33.5770448738654       -283.325338352260     
   43.5092262614809       -273.124779290399     
   53.5216089152423       -262.735432902137     
   63.6110726230535       -252.160255188800     
   73.7744613508102       -241.402275023558     
   84.0085842270014       -230.464593296704     
   94.3102165420794       -219.350382033678     
   104.676100762284       -208.062883486051     
   115.102947557606       -196.605409195754     
   125.587436843558       -184.981339032804     
   136.126218836437       -173.194120206812     
   146.715915121725       -161.247266252561     
   157.353119735302       -149.144355989943     
   168.034400257127       -136.889032458575     
   178.756298917016       -124.485001827395     
   189.515333712189       -111.936032279579     
   200.307999536210       -99.2459528730922     
   211.130769318948       -86.4186523772441     
   221.980095177215       -73.4580780855758     
   232.852409575674       -60.3682346054549     
   243.744126497665       -47.1531826247434     
   254.651642625552       -33.8170376559169     
   265.571338530209       -20.3639687580232     
   276.499579869252       -6.79819723687563     
   287.432718593623        6.87600467611592     
   298.367094162126        20.6543151660630     
   309.299034763516        34.5323641972466     
   320.224858545731        48.5057348958673     
   331.140874851862        62.5699649524612     
   342.043385462444        76.7205480435387     
   352.928685843656        90.9529352719957     
   363.793066401012        105.262536625838     
   374.632813738118        119.644722454756     
   385.444211920075        134.094824964071     
   396.223543741099        148.608139725584     
   406.967091995935        163.179927204834     
   417.671140754618        177.805414304265     
   428.331976640172        192.479795921827     
   438.945890108792        207.198236524478     
   449.509176732078        221.955871736089     
   460.018138480885        236.747809939240     
   470.469085010351        251.569133890366     
   480.858334945652        266.414902347744     
   491.182217168047        281.280151711768     
   501.437072100775        296.159897676987     
   511.619252994347        311.049136895350     
   521.725127210801        325.942848650119     
   531.751077506455        340.835996539884     
   541.693503312740        355.723530172125     
   551.548822014632        370.600386865764     
   561.313470226267        385.461493362129     
   570.983905063273        400.301767543765     
   580.556605411373        415.116120160507     
   590.028073190826        429.899456562253     
   599.394834616243        444.646678437835     
   608.653441451342        459.352685559414     
   617.800472258198        474.012377531802     
   626.832533640537        488.620655546128     
   635.746261480640        503.172424137241     
   644.538322169406        517.662592944270     
   653.205413829142        532.086078473718     
   661.744267528638        546.437805864511     
   670.151648490086        560.712710654385     
   678.424357287417        574.905740547007     
   686.559231035615        589.011857179232     
   694.553144570576        603.026037887873     
   702.403011619094        616.943277475389     
   710.105785958535        630.758589973874     
   717.658462565779        644.467010406739     
   725.058078755016        658.063596547467     
   732.301715303969        671.543430674848     
   739.386497568133        684.901621324061     
   746.309596582616        698.133305033013     
   753.068230151179        711.233648083300     
   759.659663922059        724.197848235204     
   766.081212450190        737.021136456101     
   772.330240245402        749.698778641676     
   778.404162806232        762.226077329333     
   784.300447638930        774.598373403208     
   790.016615261292        786.811047790163     
   795.550240190933        798.859523146166     
   800.898951917626        810.739265532465     
   806.060435859328        822.445786080937     
   811.032434301537        833.974642648045     
   815.812747319608        845.321441456776     
   820.399233683669        856.481838726002     
   824.789811745803        867.451542286653     
   828.982460309122        878.226313184135     
   832.975219478411        888.801967266394     
   836.766191492003        899.174376757074     
   840.353541534548        909.339471813167     
   843.735498530353        919.293242066617     
   846.910355916989        929.031738149284     
   849.876472398824        938.551073200729     
   852.632272680203        947.847424358259     
   855.176248177961        956.917034228676     
   857.506957712977        965.756212341188     
   859.623028180486        974.361336580948     
   861.523155198860        982.728854602676     
   863.206103736594        990.855285223840     
   864.670708717224        998.737219796881     
   865.915875601916        1006.37132355994     
   866.940580949482        1013.75433696562     
   867.743872953560        1020.88307698721     
   868.324871956738        1027.75443840197     
   868.682770941377        1034.36539505088     
   868.816835996920        1040.71300107444     
   868.726406763457        1046.79439212404     
   868.410896851353        1052.60678654839     
   867.869794236720        1058.14748655456     
   867.102661632566        1063.41387934324     
   866.109136835398        1068.40343821768     
   864.888933047141        1073.11372366590     
   863.441839172176        1077.54238441579     
   861.767720089347        1081.68715846263     
   859.866516898778        1085.54587406858     
   857.738247143370        1089.11645073385     
   855.383005004815        1092.39690013906     
   852.800961474022        1095.38532705838     
   849.992364495831        1098.07993024317     
   846.957539087890        1100.47900327573     
   843.696887433604        1102.58093539265     
   840.210888949070        1104.38421227767     
   836.500100323885        1105.88741682348     
   832.565155535781        1107.08922986225     
   828.406765838996        1107.98843086452     
   824.025719726338        1108.58389860619     
   819.422882864879        1108.87461180325     
   814.599198005243        1108.85964971397     
   809.555684864457        1108.53819270836     
   804.293439982334        1107.90952280446     
   798.813636551389        1106.97302417138     
   793.117524220253        1105.72818359869     
   787.206428870628        1104.17459093209     
   781.081752367752        1102.31193947493     
   774.744972284431        1100.14002635555     
   768.197641598651        1097.65875286012     
   761.441388364803        1094.86812473085     
   754.477915358593        1091.76825242937     
   747.308999695662        1088.35935136506     
   739.936492424016        1084.64174208828     
   732.362318090317        1080.61585044827     
   724.588474280126        1076.28220771555     
   716.617031132197        1071.64145066887     
   708.450130826924        1066.69432164637     
   700.089987049042        1061.44166856100     
   691.538884424716        1055.88444488012     
   682.799177933139        1050.02370956910     
   673.873292292783        1043.86062699892     
   664.763721322443        1037.39646681775     
   655.473027277240        1030.63260378640     
   646.003840159744        1023.57051757766     
   636.358857006383        1016.21179253952     
   626.540841149337        1008.55811742218     
   616.552621454096        1000.61128506904     
   606.397091532882        992.373192071471     
   596.077208934160        983.845838387556     
   585.595994308431        975.031326924818     
   574.956530550548        965.931863086941     
   564.161961918799        956.549754284605     
   553.215493130969        946.887409410503     
   542.120388437668        936.947338278631     
   530.879970673159        926.732151027964     
   519.497620283966        916.244557490634     
   507.976774335537        905.487366524748     
   496.320925497239        894.463485311987     
   484.533621005984        883.175918620135     
   472.618461608790        871.627768030725     
   460.579100484569        859.822231131970     
   448.419242145476        847.762600677169     
   436.142641318127        835.452263708803     
   423.753101805031        822.894700648543     
   411.254475326559        810.093484353376     
   398.650660343811        797.052279138116     
   385.945600862718        783.774839764543     
   373.143285219757        770.265010397431     
   360.247744849626        756.526723527748     
   347.263053035275        742.563998863318     
   334.193323640652        728.380942187233     
   321.042709826570        713.981744184350     
   307.815402750075        699.370679236169     
   294.515630247732        684.552104184452     
   281.147655503210        669.530457063904     
   267.715775699618        654.310255804301     
   254.224320656966        638.896096902410     
   240.677651455217        623.292654064092     
   227.080159043337        607.504676816975     
   213.436262834789        591.536989094103     
   199.750409289906        575.394487788962     
   186.027070485610        559.082141282323     
   172.270742672904        542.604987941314     
   158.485944822619        525.968134591180     
   144.677217159863        509.176754960183     
   130.849119687652        492.236088098093     
   117.006230700191        475.151436768760     
   103.153145286285        457.928165817240     
   89.2944738233558        440.571700511974     
   75.4348404625644        423.087524862515     
   61.5788816055167        405.481179913322     
   47.7312443730551        387.758262014142     
   33.8965850666315        369.924421067505     
   20.0795676227654        351.985358753873     
   6.28486206109153        333.946826734999     
  -7.48285707349257        315.814624836038     
  -21.2189122740674        297.594599206985     
  -34.9186246398052        279.292640464017     
  -48.5773154484387        260.914681811301     
  -62.1903077325637        242.466697143888     
  -75.7529278592517        223.954699132252     
  -89.2605071124486        205.384737289116     
  -102.708383277629        186.762896019153     
  -116.091902228179        168.095292652179     
  -129.406419512975        149.388075460487     
  -142.647301944620        130.647421660930     
  -155.809929187817        111.879535402402     
  -168.889695347323        93.0906457393690     
  -181.882010554964        74.2870045920849     
  -194.782302555165        55.4748846941712     
  -207.586018288459        36.6605775282055     
  -220.288625472426        17.8503912499981     
  -232.885614179541      -0.949351397771849     
  -245.372498411372       -19.7323151818823     
  -257.744817668602       -38.4921544841698     
  -269.998138516322       -57.2225154157191     
  -282.128056144072       -75.9170379389473     
  -294.130195920071       -94.5693579968843     
  -306.000214939115       -113.173109648948     
  -317.733803563599       -131.721927212509     
  -329.326686957122       -150.209447409535     
  -340.774626610146       -168.629311517608     
  -352.073421857175       -186.975167524584     
  -363.218911384920       -205.240672286197     
  -374.206974730914       -223.419493685873     
  -385.033533772066       -241.505312796030     
  -395.694554202601       -259.491826040152     
  -406.186047000897       -277.372747354889     
  -416.504069884658       -295.141810351476     
  -426.644728753939       -312.792770475721     
  -436.604179121485       -330.319407165843     
  -446.378627529886       -347.715526007430     
  -455.964332955023       -364.974960884761     
  -465.357608195317       -382.091576127794     
  -474.554821246262       -399.059268654051     
  -483.552396659755       -415.871970104693     
  -492.346816887722       -432.523648974032     
  -500.934623609557       -449.008312731759     
  -509.312419042870       -465.320009937154     
  -517.476867237092       -481.452832344536     
  -525.424695349425       -497.400916999247     
  -533.152694902696       -513.158448323404     
  -540.657723024627       -528.719660190737     
  -547.936703668069       -544.078837989749     
  -554.986628811735       -559.230320674503     
  -561.804559640994       -574.168502802294     
  -568.387627708268       -588.887836557515     
  -574.733036072594       -603.382833760971     
  -580.838060417921       -617.648067863961     
  -586.700050149721       -631.678175926401     
  -592.316429469469       -645.467860578285     
  -597.684698426607       -659.011891963801     
  -602.802433947565       -672.305109667381     
  -607.667290841432       -685.342424621022     
  -612.277002781912       -698.118820992164     
  -616.629383265136       -710.629358051467     
  -620.722326542990       -722.869172019795     
  -624.553808531552       -734.833477893751     
  -628.121887694296       -746.517571249077     
  -631.424705899698       -757.916830021281     
  -634.460489252886       -769.026716262830     
  -637.227548901002       -779.842777876259     
  -639.724281811942       -790.360650322556     
  -641.949171526135       -800.576058304200     
  -643.900788881062       -810.484817422213     
  -645.577792708192       -820.082835806616     
  -646.978930502037       -829.366115719673     
  -648.103039061036       -838.330755131323     
  -648.949045099992       -846.972949266199     
  -649.515965833766       -855.288992121656     
  -649.802909531986       -863.275277956218     
  -649.809076044506       -870.928302747884     
  -649.533757297361       -878.244665621716     
  -648.976337758992       -885.221070246184     
  -648.136294876503       -891.854326197687     
  -647.013199481740       -898.141350292756     
  -645.606716166976       -904.079167887379     
  -643.916603630009       -909.664914142960     
  -641.942714988469       -914.895835258392     
  -639.684998063183       -919.769289667758     
  -637.143495630393       -924.282749203174     
  -634.318345642696       -928.433800222293     
  -631.209781418543       -932.220144700026     
  -627.818131800158       -935.639601284005     
  -624.143821279751       -938.690106313371     
  -620.187370093909       -941.369714800437     
  -615.949394286053       -943.676601374823     
  -611.430605736857       -945.609061189654     
  -606.631812162561       -947.165510789417     
  -601.553917081078       -948.344488939112     
  -596.197919745848       -949.144657414313     
  -590.564915047371       -949.564801751781     
  -584.656093382382       -949.603831960301     
  -578.472740490635       -949.260783191383     
  -572.016237259261       -948.534816369530     
  -565.288059494705       -947.425218781757     
  -558.289777662229       -945.931404626060     
  -551.023056592996       -944.052915518567     
  -543.489655158748       -941.789420959095     
  -535.691425914125       -939.140718754853     
  -527.630314706647       -936.106735402067     
  -519.308360254430       -932.687526425277     
  -510.727693691689       -928.883276674113     
  -501.890538082111       -924.694300577335     
  -492.799207900180       -920.121042353953     
  -483.456108480547       -915.164076181267     
  -473.863735435567       -909.824106319648     
  -464.024674041103       -904.101967193933     
  -453.941598590748       -897.998623431297     
  -443.617271718589       -891.515169855483     
  -433.054543690670       -884.652831437299     
  -422.256351665323       -877.412963201285     
  -411.225718922531       -869.797050088477     
  -399.965754062516       -861.806706775225     
  -388.479650173737       -853.443677448002     
  -376.770683970519       -844.709835534189     
  -364.842214900511       -835.607183388815     
  -352.697684222215       -826.137851937259     
  -340.340614052819       -816.304100273924     
  -327.774606386576       -806.108315216915     
  -315.003342084002       -795.553010818769     
  -302.030579832145       -784.640827833296     
  -288.860155076220       -773.374533138601     
  -275.495978922889       -761.757019116383     
  -261.942037015489       -749.791302987615     
  -248.202388381524       -737.480526104721     
  -234.281164252735       -724.827953200389     
  -220.182566858069       -711.836971593164     
  -205.910868189914       -698.511090349989     
  -191.470408743923       -684.853939405874     
  -176.865596232795       -670.869268640883     
  -162.100904274386       -656.560946914648     
  -147.180871054533       -641.932961058638     
  -132.110097964957       -626.989414826414     
  -116.893248216671       -611.734527802129     
  -101.535045429276       -596.172634267533     
  -86.0402721965745       -580.308182027773     
  -70.4137686289202       -564.145731196279     
  -54.6604308727361       -547.689952939047     
  -38.7852096076459       -530.945628178641     
  -22.7931085216671       -513.917646258263     
  -6.68918276492523       -496.611003566235     
   9.52146261764413       -479.030802121262     
   25.8336742741300       -461.182248118858     
   42.2422521535344       -443.070650439339     
   58.7419511332227       -424.701419117770     
   75.3274826654387       -406.080063776320     
   91.9935164423759       -387.212192019428     
   108.734682079293       -368.103507792263     
   125.545570815151       -348.759809702908     
   142.420737230247       -329.186989308776     
   159.354700980303       -309.391029367721     
   176.341948546475       -289.378002054372     
   193.376935000730       -269.154067142174     
   210.454085786036       -248.725470151701     
   227.567798510807       -228.098540465750     
   244.712444757028       -207.279689411786     
   261.882371901496       -186.275408312299     
   279.071904949592       -165.092266503653     
   296.275348381002       -143.736909324006     
   313.486988006794       -122.216056070922     
   330.701092837259       -100.536497929264     
   347.911916959915       -78.7050958700095     
   365.113701427064       -56.7287785206178     
   382.300676152306       -34.6145400075914     
   399.467061815375       -12.3694377718963     
   416.607071774699        9.99940964209689     
   433.714913987045        32.4848248234714     
   450.784792933638        55.0795737567324     
   467.810911552110        77.7763681081889     
   484.787473173654        100.567867536039     
   501.708683464742        123.446682023442     
   518.568752372775        146.405374233849     
   535.361896075010        169.436461887859     
   552.082338930129        192.532420160851     
   568.724315431795        215.685684100635     
   585.282072163557        238.888651064375     
   601.749869754437        262.133683173993     
   618.121984834554        285.413109789287     
   634.392711990130        308.719229997976     
   650.556365717222        332.044315121874     
   666.607282373511        355.380611238399     
   682.539822127513        378.720341716594     
   698.348370904528        402.055709766861     
   714.027342328678        425.378901003583     
   729.571179660382        448.682086019794     
   744.974357728588        471.957422973079     
   760.231384857127        495.197060181857     
   775.336804784504        518.393138731198     
   790.285198576487        541.537795087335     
   805.071186530831        564.623163720006     
   819.689430073467        587.641379731767     
   834.134633645523        610.584581493421     
   848.401546580504        633.444913284686     
   862.484964970988        656.214527939226     
   876.379733524189        678.885589493186     
   890.080747405723        701.450275836336     
   903.582954070959        723.900781364950     
   916.881355083288        746.229319635535     
   929.971007918674        768.428126018521     
   942.847027755864        790.489460351023     
   955.504589251600        812.405609587796     
   967.938928300231        834.168890449466     
   980.145343777062        855.771652067167     
   992.119199264860        877.206278622687     
   1003.85592476286        898.465191983210     
   1015.35101837766        919.540854329781     
   1026.60004799547        940.425770778589     
   1037.59865293495        961.112491994169     
   1048.34254558023        981.593616793638     
   1058.82751299336        1001.86179474106     
   1069.04941850569        1021.90972873109     
   1079.00420328758        1041.73017756088     
   1088.68788789579        1061.31595848958     
   1098.09657379817        1080.65994978431     
   1107.22644487480        1099.75509325188     
   1116.07376889528        1118.59439675529     
   1124.63489897151        1137.17093671421     
   1132.90627498535        1155.47786058844     
   1140.88442499078        1173.50838934365     
   1148.56596658988        1191.25581989837     
   1155.94760828219        1208.71352755146     
   1163.02615078690        1225.87496838915     
   1169.79848833740        1242.73368167090     
   1176.26160994765        1259.28329219300     
   1182.41260064985        1275.51751262942     
   1188.24864270306        1291.43014584868     
   1193.76701677212        1307.01508720621     
   1198.96510307656        1322.26632681123     
   1203.84038250889        1337.17795176734     
   1208.39043772199        1351.74414838609     
   1212.61295418501        1365.95920437259     
   1216.50572120748        1379.81751098248     
   1220.06663293107        1393.31356514941     
   1223.29368928876        1406.44197158228     
   1226.18499693086        1419.19744483146     
   1228.73877011759        1431.57481132312     
   1230.95333157779        1443.56901136115     
   1232.82711333345        1455.17510109567     
   1234.35865748963        1466.38825445757     
   1235.54661698947        1477.20376505821     
   1236.38975633396        1487.61704805371     
   1236.88695226607        1497.62364197298     
   1237.03719441903        1507.21921050892     
   1236.83958592841        1516.39954427199     
   1236.29334400767        1525.16056250555     
   1235.39780048697        1533.49831476224     
   1234.15240231490        1541.40898254087     
   1232.55671202295        1548.88888088297     
   1230.61040815242        1555.93445992862     
   1228.31328564352        1562.54230643069     
   1225.66525618655        1568.70914522713     
   1222.66634853477        1574.43184067049     
   1219.31670877894        1579.70739801425     
   1215.61660058329        1584.53296475536     
   1211.56640538261        1588.90583193231     
   1207.16662254057        1592.82343537847     
   1202.41786946888        1596.28335692979     
   1197.32088170729        1599.28332558672     
   1191.87651296423        1601.82121862961     
   1186.08573511808        1603.89506268721     
   1179.94963817891        1605.50303475771     
   1173.46943021051        1606.64346318207     
   1166.64643721292        1607.31482856886     
   1159.48210296509        1607.51576467058     
   1151.97798882783        1607.24505921072     
   1144.13577350693        1606.50165466134     
   1135.95725277649        1605.28464897079     
   1127.44433916241        1603.59329624110     
   1118.59906158607        1601.42700735483     
   1109.42356496821        1598.78535055090     
   1099.92010979311        1595.66805194928     
   1090.09107163298        1592.07499602402     
   1079.93894063281        1588.00622602452     
   1069.46632095557        1583.46194434467     
   1058.67593018803        1578.44251283963     
   1047.57059870714        1572.94845309009     
   1036.15326900718        1566.98044661371     
   1024.42699498786        1560.53933502355     
   1012.39494120331        1553.62612013335     
   1000.06038207241        1546.24196400951     
   987.426701050329        1538.38818896957     
   974.497389761746        1530.06627752707     
   961.276047095677        1521.27787228276     
   947.766378262338        1512.02477576193     
   933.972193812142        1502.30895019792     
   919.897408617115        1492.13251726170     
   905.546040814968        1481.49775773743     
   890.922210716095        1470.40711114407     
   876.030139673764        1458.86317530298     
   860.874148917805        1446.86870585156     
   845.458658352083        1434.42661570288     
   829.788185316079        1421.53997445152     
   813.867343310900        1408.21200772552     
   797.700840690077        1394.44609648456     
   781.293479315470        1380.24577626461     
   764.650153178688        1365.61473636899     
   747.775846988365        1350.55681900608     
   730.675634723700        1335.07601837390     
   713.354678154673        1319.17647969155     
   695.818225329323        1302.86249817791     
   678.071609028544        1286.13851797771     
   660.120245188819        1269.00913103520     
   641.969631293356        1251.47907591571     
   623.625344732072        1233.55323657537     
   605.093041130909        1215.23664107919     
   586.378452650976        1196.53446026799     
   567.487386257983        1177.45200637428     
   548.425721962513        1157.99473158758     
   529.199411031618        1138.16822656953     
   509.814474172284        1117.97821891908     
   490.276999687308        1097.43057158824     
   470.593141604119        1076.53128124874     
   450.769117777125        1055.28647661011     
   430.811207964146        1033.70241668953     
   410.725751877508        1011.78548903394     
   390.519147210406        989.542207894977     
   370.197847639119        966.979212357081     
   349.768360801696        944.103264419443     
   329.237246253729        920.921247032201     
   308.611113401845        897.440162087501     
   287.896619415549        873.667128365968     
   267.100467118070        849.609379439155     
   246.229402856857        825.274261528591     
   225.290214354395        800.669231322008     
   204.289728540013        775.801853747410     
   183.234809363349        750.679799705588     
   162.132355590182        725.310843761780     
   140.989298581304        699.702861797119     
   119.812600055147        673.863828620567     
   98.6092498348678        647.801815542046     
   77.3862635806055        621.524987907479     
   56.1506805076420        595.041602596468     
   34.9095610911842        568.360005483364     
   13.6699847585092        541.488628862487     
  -7.56095243078884        514.435988838273     
  -28.7761401157016        487.210682681133     
  -49.9684559751092        459.821386149821     
  -71.1307680787236        432.276850781144     
  -92.2559372469100        404.585901147817     
  -113.336819418620        376.757432085326     
  -134.366268026662        348.800405888629     
  -155.337136379539        320.723849479587     
  -176.242280049063        292.536851545972     
  -197.074559262972        264.248559652966     
  -217.826841301758        235.868177328029     
  -238.492002898910        207.404961120066     
  -259.062932643791        178.868217633797     
  -279.532533386337        150.267300540275     
  -299.893724642790        121.611607564485     
  -320.139445001658        92.9105774509822     
  -340.262654529100        64.1736869085231     
  -360.256337172932        35.4104475346718     
  -380.113503164443        6.63040272134934     
  -399.827191417218       -22.1568754576780     
  -419.390471922159       -50.9417893763772     
  -438.796448137889       -79.7147190020887     
  -458.038259375737       -108.466025056214     
  -477.109083178482       -137.186052188935     
  -496.002137692065       -165.865132166930     
  -514.710684029439       -194.493587073059     
  -533.228028625762       -223.061732516978     
  -551.547525584121       -251.559880855631     
  -569.662579010975       -279.978344422566     
  -587.566645340524       -308.307438765028     
  -605.253235647191       -336.537485887753     
  -622.715917945414       -364.658817502401     
  -639.948319475962       -392.661778281556     
  -656.944128977962       -420.536729116219     
  -673.697098945855       -448.274050375704     
  -690.201047870489       -475.864145168867     
  -706.449862463556       -503.297442605571     
  -722.437499864594       -530.564401057303     
  -738.157989829784       -557.655511415849     
  -753.605436901740       -584.561300348933     
  -768.774022559557       -611.272333551734     
  -783.658007348317       -637.779218993167     
  -798.251732987324       -664.072610155848     
  -812.549624456279       -690.143209268637     
  -826.546192058680       -715.981770530657     
  -840.236033461669       -741.579103325707     
  -853.613835711619       -766.926075425952     
  -866.674377224700       -792.013616183811     
  -879.412529751727       -816.832719710936     
  -891.823260316547       -841.374448043193     
  -903.901633127271       -865.629934290566     
  -915.642811459640       -889.590385770865     
  -927.042059511822       -913.247087126191     
